-0.75134650892331333871 -0.63305855977042979621 0.18632037846177448848
-0.040103526010552302539 0.21126508628483153807 0.97660573954824969611
-0.40781598816967606913 -0.054855105050160460345 0.91141485463159244151
-0.077110109106915569743 -0.96136673160695551577 0.26424995446145171929
-0.74653612845817174382 -0.36639998676417190326 -0.55536911924043697031
-0.58689146131238778548 -0.79383106412307047339 -0.15934445165064159422
-0.48198742940498912057 -0.7939060698594759824 0.37067677312700797465
-0.81363270803331044778 -0.55664343287623596623 -0.16777933440725295577
-0.13306451915831110644 -0.90360449908726481194 0.40717655012343295651
-0.32196957936306169756 -0.94666209415230240243 0.012902304443411264159
-0.63432039970534481732 0.74592919435839921682 0.20304498891004663097
-0.18555507243981680943 -0.98254243299549881563 0.013404568442879603168
-0.15903836402095897218 0.92901482634906829006 0.33412310784072907222
-0.89153324093406594031 -0.452704198628420873 0.015079418218216776928
-0.59793174876853050215 -0.78055223853177668758 -0.1822520966618474958
-0.091511301923378945977 -0.53915652882895181985 0.83721915831005910835
-0.77873399016369226899 0.12171158882001223422 0.61543453080782084541
-0.76340684271143022244 0.59912329203680647627 0.24137372151985625468
-0.79234561179165152733 0.42065047883687878283 0.44186152370263914735
-0.14612615747190502158 -0.9817899418477820106 0.1213905111160865774
-0.535137592224716796 -0.42779807148000653649 0.72843432608981284471
-0.089559669983970455198 -0.54012097329968966619 0.83680846058949354127
-0.53096323675434475842 -0.28401951521829643665 0.79838020778981844128
-0.13523424011895168739 -0.85320849913891072536 0.5037330218444860952
-0.035204172275845109497 0.76574833141847364892 0.64217611228088844477
-0.48929012614272099357 0.55072955779694898748 0.67623378104618325768
-0.13028365493250737561 0.22424514174796661425 0.96578480297624369477
-0.26588288846892138562 -0.78582301157085143739 0.5583802325522820853
-0.93338231794050230405 -0.30427376545048434586 0.19030219182815269474
-0.68552593673815387376 -0.53096259008607105123 0.49812941891477141576
-0.11504984914589753975 0.93370589211434229515 0.33905285611902225007
-0.87547170938325502565 0.2696179035520315237 -0.40106791464011232184
-0.76389217060217939892 -0.50778067974207619084 0.39828072131772340736
-0.87909360480212295208 -0.194200050014017217 0.4352938944788474207
0.75531698363738986046 -0.62201798148497255969 0.20637316913367240168
0.12880390052874732265 0.2500258144390672399 0.95963360055943303095
0.46607892343712475913 -0.0047679624079456544086 0.88473029995709251416
0.097220779491583322884 -0.9533188763064104343 0.28588676099625903726
0.72977758066578357621 -0.32732083747996648659 -0.6002380795226250898
0.62080934126698994469 -0.75607808878261861807 -0.20722375698377065723
0.51150064449295595814 -0.78519324633804876701 0.34905394509789894331
0.85016632095785615864 -0.46664729613315736323 -0.24383914312635868171
0.13226016205056626007 -0.8756324205857581866 0.46451599924381936635
0.36620729897983766987 -0.93050587183420507831 0.0071439943979389767745
0.71516453017246306434 0.66441158754524098917 0.21701828752161067548
0.22767192022204776891 -0.97341586369440225024 0.025041027344867183846
0.22973083352575085492 0.91803569396041484474 0.32316282079190905563
0.90733920247437038764 -0.42010513780149133511 -0.015724021303833747576
0.63738965678642023338 -0.74733414336308723325 -0.18768618378945789438
0.1023495351675232784 -0.48249162980987153615 0.86990022405699263253
0.7937976068195481405 0.1142028605498627003 0.59736342878501247355
0.83811218335328019347 0.48982657129331619306 0.24007894153763603695
0.8072045481498864028 0.3439464079217365855 0.47971000190101531491
0.15873489540026636258 -0.97907546868090189474 0.12733601065503361016
0.56680305322943114188 -0.40286626023476052039 0.71863278189507373561
0.10806564361661784301 -0.49003038152260219862 0.86498094883907084007
0.55710188079067379796 -0.24217403733506043251 0.79434830525426958214
0.14085830672428562016 -0.82094327593156146694 0.55336342048379305592
0.15321717891273031742 0.73645281003823570565 0.65890951933691987996
0.52190450813717625955 0.55183481501024123084 0.65045677898589460142
0.19453897346141763025 0.22777883466553738856 0.95408143797214051141
0.26423129503905090631 -0.7697626414450561283 0.58107426251514182614
0.94693999489731872643 -0.26890457669712375388 0.17605389713155039644
0.68988764016792059053 -0.51081488048953882508 0.51295536044961642652
0.19127980498253432939 0.93468085795199284949 0.29963933317234964226
0.85405069497704577675 0.31304314345223521743 -0.41545324736577571301
0.80332547938548048982 -0.45861231309863997874 0.37992488789812506322
0.91504098958798030239 -0.14352310420288394432 0.37696300340194888179
