-0.83473965276661243884 -0.46250031351463305462 0.29883636341305880313
-0.079175621182598604486 0.32975840824380125982 0.94073939707172049562
-0.40432530398319171949 0.082150759494739114541 0.9109183834314339423
-0.15044408897019770355 -0.90710765835322870743 0.3930932106394730563
-0.95406479371813734947 0.13951764467991473184 -0.26513241259894476665
-0.72756897322853519849 -0.68482243464879433148 -0.040763000341884840505
-0.55999615035487404491 -0.6906189413960330814 0.45765684674518325448
-0.92185052129568934021 -0.38361535258716150665 -0.055053407217841569821
-0.22421451801322869746 -0.76688088090892847504 0.60134978540649797196
-0.40489484995484731344 -0.90924117420204819684 0.096647025902105707096
-0.49392318216939185005 0.79260082968718714724 0.35752456544249422432
-0.2881933858094871681 -0.94736892666167860089 0.13941552701031184602
-0.17060083731302164156 0.87546584661253268322 0.4521669002957838801
-0.96008978668301303561 -0.2456803409375036551 0.13367412458586841462
-0.81299756654936672362 -0.58224229185395759423 0.0053731146888107471707
-0.14449050318287248729 -0.38407440610103349421 0.91192617303600775891
-0.70247207335979289233 0.27863265216825111592 0.65490215398582996009
-0.63804028651427946439 0.6850931285144998828 0.35149964160293367677
-0.68364059994402748277 0.52548046179444529713 0.50646403068773460099
-0.21309948123931427011 -0.94654548500443724812 0.24215750228570168123
-0.56132455573661632631 -0.26423974844069636481 0.78427807471016786067
-0.15032438881816118093 -0.33171405509134288536 0.9313261318041622383
-0.53686586917111189798 -0.10496615156245353573 0.83711238525380482489
-0.2021069470243382904 -0.73795228920340749657 0.64387825000069043302
-0.061950773999612906984 0.75173325926439704681 0.65655099460481802787
-0.4281940247660449006 0.59623573400369089814 0.67908234158438818273
-0.15281591749693607118 0.32277187529833667456 0.93405867689132060505
-0.33195565544874483521 -0.67321281855546144524 0.66074953178054207648
-0.9432455320631913942 -0.062208098866601495291 0.3262177473379247461
-0.72623554520553512681 -0.36600169005694949131 0.58191468082140340723
-0.077767715311256382926 0.89899918966098579798 0.43099030087016820811
-0.79077475637508731765 0.59786066730682296821 -0.13129321066742893898
-0.80585632435913667759 -0.25508862727049957941 0.53434574642981291781
-0.81490671726860985924 0.095481737870423299963 0.5716732282377245955
0.77201146667054521 -0.51298076852356744304 0.37529858306975272253
0.046485217268624159925 0.38929820996254999033 0.91993805677091278206
0.36875008477962872844 0.11871129069120853194 0.921917026872507539
0.046539032079730223435 -0.9095639383952845991 0.4129498280226556739
0.92553645423258712466 0.21364382995666789111 -0.31263170953698288246
0.72742511672857013139 -0.68291786200588788791 -0.066902117348653922235
0.49589480354794779338 -0.71220498356181749511 0.49684243498704266928
0.94148466904280114775 -0.32430245483813585627 -0.091839728567356046507
0.069029091880900755873 -0.73245201020389949509 0.67731014847141091106
0.37162421503229015052 -0.9216127730853167499 0.11191666224305743538
0.5046485243774594398 0.76703351653602902527 0.39621894370918941952
0.21027715523599641023 -0.96107992589587332155 0.17918954775834169957
0.11802538174354681999 0.88509678566825322754 0.45019294670620546572
0.94571123953800118045 -0.28098498598797727599 0.16333306175062481391
0.76732276849984304423 -0.63993332012731074521 0.041244572158928814731
0.036302327012891023872 -0.32018281148642258049 0.94665997500797460784
0.67350523449865107306 0.251970235175974 0.69491128907816812621
0.69064982993523227339 0.60557332686999154614 0.39532740632802731984
0.67377802538688025269 0.45210883721867045626 0.58448333749948611082
0.13188040573958109691 -0.96074276198236774338 0.24409199880466184163
0.48929193193477726886 -0.26712982977319160716 0.83020181846878593479
0.029041463630609717222 -0.28807829720152622333 0.95716638473760728978
0.48323525605670358818 -0.088462086351868030043 0.87100984298806116701
0.076406382002423556266 -0.70225329934041869073 0.70781520777304285374
0.063474529961458761584 0.73834404872657832808 0.67143059935946913797
0.40564155692552317234 0.59722937363806105626 0.69193352466759894259
0.11616841684671681822 0.33438635219943385612 0.93524898630796893251
0.21612444154749713143 -0.68433806027796384441 0.69639905587297867839
0.92259263756668208334 -0.086959027826237253467 0.37584698028222679467
0.65396541780583272718 -0.38729484993248525226 0.64987070370175670231
0.12801799588619391934 0.90374606026727521968 0.40847821396086847479
0.77096290348996443509 0.63035954887086986798 -0.090901268360993353612
0.76720664524661574823 -0.27495053756181642157 0.57947921911307720411
0.79685515325363254213 0.10375181331091776205 0.59519528389245990319
